100
3
493.4804, 15.147228, 0.0, 0.0, 0.0, 0.0
10.0, 0.8, 10.0
466.51962, 34.825146, 0.0, 0.0, 0.0, 0.0
10.0, 0.8, 10.0
483.48132, 64.85277, 0.0, 0.0, 0.0, 0.0
10.0, 0.8, 10.0
3
0, 1
33.37822, 0.39986262, 22.775278, 0.97362846
1, 2
34.48707, 0.51397115, 6.849648, 3.564056
2, 0
50.701313, 0.71616596, 9.4202175, 2.0150363
3
490.30524, 71.536896, 0.0, 0.0, 0.0, 0.0
10.0, 0.8, 10.0
454.8476, 8.463106, 0.0, 0.0, 0.0, 0.0
10.0, 0.8, 10.0
505.15247, 30.272324, 0.0, 0.0, 0.0, 0.0
10.0, 0.8, 10.0
3
0, 1
72.357086, 1.026657, 34.889587, 1.7249904
1, 2
54.829018, 0.6647016, 26.2347, 4.531576
2, 0
43.85436, 0.74167, 16.916357, 0.49642622
3
486.64523, 32.94973, 0.0, 0.0, 0.0, 0.0
10.0, 0.8, 10.0
468.19388, 57.196167, 0.0, 0.0, 0.0, 0.0
10.0, 0.8, 10.0
491.80615, 22.803833, 0.0, 0.0, 0.0, 0.0
10.0, 0.8, 10.0
3
0, 1
30.468714, 0.54130846, 29.318153, 2.8248224
1, 2
41.717766, 0.5020128, 30.376478, 2.4811444
2, 0
11.383064, 0.14482288, 18.273544, 1.6063589
3
505.5962, 71.31528, 0.0, 0.0, 0.0, 0.0
10.0, 0.8, 10.0
454.4038, 31.93925, 0.0, 0.0, 0.0, 0.0
10.0, 0.8, 10.0
484.61548, 8.684725, 0.0, 0.0, 0.0, 0.0
10.0, 0.8, 10.0
3
0, 1
64.58429, 0.7130164, 15.197786, 4.4917006
1, 2
38.125034, 0.4812255, 37.56598, 3.9359403
2, 0
66.051315, 0.67428714, 13.925436, 4.298576
3
464.6875, 71.99254, 0.0, 0.0, 0.0, 0.0
10.0, 0.8, 10.0
495.3125, 20.154259, 0.0, 0.0, 0.0, 0.0
10.0, 0.8, 10.0
491.88214, 8.007463, 0.0, 0.0, 0.0, 0.0
10.0, 0.8, 10.0
3
0, 1
60.20879, 0.6077434, 35.608673, 4.917989
1, 2
12.621887, 0.15092303, 5.050481, 2.3619602
2, 0
69.52437, 0.8760701, 27.71172, 1.9832065
3
456.75232, 58.137234, 0.0, 0.0, 0.0, 0.0
10.0, 0.8, 10.0
503.24768, 4.446871, 0.0, 0.0, 0.0, 0.0
10.0, 0.8, 10.0
476.45178, 75.55313, 0.0, 0.0, 0.0, 0.0
10.0, 0.8, 10.0
3
0, 1
71.02445, 0.8526571, 10.126635, 0.48369765
1, 2
75.987625, 1.2719277, 13.369557, 3.4009404
2, 0
26.294147, 0.4171772, 23.287294, 1.0449344
3
504.80655, 47.22027, 0.0, 0.0, 0.0, 0.0
10.0, 0.8, 10.0
493.99216, 43.201378, 0.0, 0.0, 0.0, 0.0
10.0, 0.8, 10.0
455.19348, 32.77973, 0.0, 0.0, 0.0, 0.0
10.0, 0.8, 10.0
3
0, 1
11.537015, 0.17436089, 9.7306595, 0.73337346
1, 2
40.173973, 0.7963881, 32.035294, 0.5756834
2, 0
51.67191, 0.5196381, 34.055504, 0.17867982
3
450.2429, 41.45913, 0.0, 0.0, 0.0, 0.0
10.0, 0.8, 10.0
509.75708, 49.20761, 0.0, 0.0, 0.0, 0.0
10.0, 0.8, 10.0
478.79385, 30.79239, 0.0, 0.0, 0.0, 0.0
10.0, 0.8, 10.0
3
0, 1
60.016468, 0.6177599, 12.993155, 0.27051836
1, 2
36.025574, 0.3781957, 32.52935, 1.7562792
2, 0
30.47845, 0.35334864, 10.7817745, 3.014268
3
514.9107, 19.921879, 0.0, 0.0, 0.0, 0.0
10.0, 0.8, 10.0
518.60077, 60.078117, 0.0, 0.0, 0.0, 0.0
10.0, 0.8, 10.0
441.39923, 21.401474, 0.0, 0.0, 0.0, 0.0
10.0, 0.8, 10.0
3
0, 1
40.325424, 0.47793138, 21.55451, 4.7806416
1, 2
86.347916, 1.4169915, 28.418732, 1.1563528
2, 0
73.5264, 0.85937214, 19.568468, 4.754912
3
456.2309, 52.06185, 0.0, 0.0, 0.0, 0.0
10.0, 0.8, 10.0
473.64297, 16.200947, 0.0, 0.0, 0.0, 0.0
10.0, 0.8, 10.0
503.76904, 63.79905, 0.0, 0.0, 0.0, 0.0
10.0, 0.8, 10.0
3
0, 1
39.864582, 0.47262383, 12.437487, 4.403558
1, 2
56.330807, 0.6068672, 38.990623, 0.823963
2, 0
48.965668, 0.8170863, 14.870346, 3.2374177
3
456.12683, 53.03663, 0.0, 0.0, 0.0, 0.0
10.0, 0.8, 10.0
500.69257, 26.963373, 0.0, 0.0, 0.0, 0.0
10.0, 0.8, 10.0
503.87317, 34.95805, 0.0, 0.0, 0.0, 0.0
10.0, 0.8, 10.0
3
0, 1
51.632526, 0.72752905, 12.926388, 0.5917135
1, 2
8.604129, 0.09208977, 37.19515, 0.7931495
2, 0
51.05434, 0.88110554, 29.866482, 3.8438597
3
487.544, 42.584213, 0.0, 0.0, 0.0, 0.0
10.0, 0.8, 10.0
461.9995, 24.827816, 0.0, 0.0, 0.0, 0.0
10.0, 0.8, 10.0
498.0005, 55.17218, 0.0, 0.0, 0.0, 0.0
10.0, 0.8, 10.0
3
0, 1
31.109657, 0.34197286, 21.978764, 4.2739043
1, 2
47.083454, 0.6317212, 37.218006, 2.4626427
2, 0
16.36445, 0.18097624, 31.015947, 1.2081828
3
458.097, 76.388245, 0.0, 0.0, 0.0, 0.0
10.0, 0.8, 10.0
501.903, 26.520538, 0.0, 0.0, 0.0, 0.0
10.0, 0.8, 10.0
469.0371, 3.6117592, 0.0, 0.0, 0.0, 0.0
10.0, 0.8, 10.0
3
0, 1
66.375885, 0.8670149, 10.536584, 0.07432729
1, 2
40.062218, 0.4034643, 6.540043, 4.221062
2, 0
73.59418, 1.4152169, 30.390036, 4.5489416
3
492.61145, 10.501541, 0.0, 0.0, 0.0, 0.0
10.0, 0.8, 10.0
467.3885, 7.4740868, 0.0, 0.0, 0.0, 0.0
10.0, 0.8, 10.0
481.28458, 72.52591, 0.0, 0.0, 0.0, 0.0
10.0, 0.8, 10.0
3
0, 1
25.404, 0.34896633, 31.791304, 1.3587954
1, 2
66.51947, 1.0970551, 10.540424, 2.8427503
2, 0
63.050144, 1.0293777, 9.210314, 2.3445022
3
460.63263, 55.98058, 0.0, 0.0, 0.0, 0.0
10.0, 0.8, 10.0
499.3674, 76.923996, 0.0, 0.0, 0.0, 0.0
10.0, 0.8, 10.0
478.55325, 3.0760098, 0.0, 0.0, 0.0, 0.0
10.0, 0.8, 10.0
3
0, 1
44.0342, 0.7615641, 5.7568536, 0.8286959
1, 2
76.72518, 0.99999213, 28.19359, 2.7195237
2, 0
55.85734, 0.6133685, 12.529392, 4.877766
3
474.6216, 56.782196, 0.0, 0.0, 0.0, 0.0
10.0, 0.8, 10.0
451.82663, 53.930405, 0.0, 0.0, 0.0, 0.0
10.0, 0.8, 10.0
508.17334, 23.217808, 0.0, 0.0, 0.0, 0.0
10.0, 0.8, 10.0
3
0, 1
22.972683, 0.4497488, 36.119606, 3.3987572
1, 2
64.173325, 0.9024624, 5.462385, 0.54837734
2, 0
47.458256, 0.48497206, 9.07757, 1.6760674
3
483.25436, 66.88473, 0.0, 0.0, 0.0, 0.0
10.0, 0.8, 10.0
458.21915, 13.96917, 0.0, 0.0, 0.0, 0.0
10.0, 0.8, 10.0
501.78085, 13.1152725, 0.0, 0.0, 0.0, 0.0
10.0, 0.8, 10.0
3
0, 1
58.539024, 1.1582803, 30.62287, 1.0488107
1, 2
43.570076, 0.6371727, 23.783428, 3.5757616
2, 0
56.871662, 0.9650881, 14.037193, 0.59116006
3
456.50912, 66.69613, 0.0, 0.0, 0.0, 0.0
10.0, 0.8, 10.0
475.61053, 31.71386, 0.0, 0.0, 0.0, 0.0
10.0, 0.8, 10.0
503.4909, 13.303875, 0.0, 0.0, 0.0, 0.0
10.0, 0.8, 10.0
3
0, 1
39.857525, 0.52378947, 26.917421, 4.112653
1, 2
33.410225, 0.5704228, 9.459024, 0.8138791
2, 0
71.11976, 1.36922, 27.040623, 1.475568
3
502.383, 37.109592, 0.0, 0.0, 0.0, 0.0
10.0, 0.8, 10.0
509.21786, -1.109499, 0.0, 0.0, 0.0, 0.0
10.0, 0.8, 10.0
450.78214, 81.1095, 0.0, 0.0, 0.0, 0.0
10.0, 0.8, 10.0
3
0, 1
38.825436, 0.5119855, 21.589535, 0.505777
1, 2
100.86971, 1.1877177, 25.672401, 4.192353
2, 0
67.81329, 1.2682048, 6.41112, 4.991154
3
488.56982, 3.3515186, 0.0, 0.0, 0.0, 0.0
10.0, 0.8, 10.0
504.47778, 46.237396, 0.0, 0.0, 0.0, 0.0
10.0, 0.8, 10.0
455.52222, 76.64848, 0.0, 0.0, 0.0, 0.0
10.0, 0.8, 10.0
3
0, 1
45.74125, 0.83559185, 15.122291, 2.138671
1, 2
57.632317, 0.5775662, 29.87853, 4.1483145
2, 0
80.40267, 0.83035666, 37.18621, 1.8929881
3
467.34515, 70.00162, 0.0, 0.0, 0.0, 0.0
10.0, 0.8, 10.0
490.45538, 63.2946, 0.0, 0.0, 0.0, 0.0
10.0, 0.8, 10.0
492.65488, 9.998383, 0.0, 0.0, 0.0, 0.0
10.0, 0.8, 10.0
3
0, 1
24.063822, 0.37417084, 23.586897, 4.510754
1, 2
53.341583, 0.8336917, 8.186453, 4.445737
2, 0
65.122734, 0.9155946, 29.583513, 4.026568
3
462.28174, 3.7494545, 0.0, 0.0, 0.0, 0.0
10.0, 0.8, 10.0
497.71823, 77.227135, 0.0, 0.0, 0.0, 0.0
10.0, 0.8, 10.0
473.52747, 2.7728615, 0.0, 0.0, 0.0, 0.0
10.0, 0.8, 10.0
3
0, 1
81.57642, 1.0389528, 27.778992, 3.3438063
1, 2
78.28557, 0.9883619, 37.02795, 1.4176875
2, 0
11.28806, 0.12907122, 25.30391, 4.7553163
3
446.1896, 10.241085, 0.0, 0.0, 0.0, 0.0
10.0, 0.8, 10.0
472.1147, 69.75892, 0.0, 0.0, 0.0, 0.0
10.0, 0.8, 10.0
513.81036, 62.753105, 0.0, 0.0, 0.0, 0.0
10.0, 0.8, 10.0
3
0, 1
64.91904, 0.6543552, 7.1882844, 4.2890344
1, 2
42.28018, 0.43457308, 7.7026796, 2.5227978
2, 0
85.61589, 1.0243636, 39.022465, 4.296777
3
458.89816, 36.86184, 0.0, 0.0, 0.0, 0.0
10.0, 0.8, 10.0
462.22003, 36.236336, 0.0, 0.0, 0.0, 0.0
10.0, 0.8, 10.0
501.1018, 43.763668, 0.0, 0.0, 0.0, 0.0
10.0, 0.8, 10.0
3
0, 1
3.380256, 0.038815998, 22.581583, 2.513615
1, 2
39.603695, 0.47063005, 30.339073, 2.8561726
2, 0
42.764275, 0.49506748, 38.755623, 0.04603386
3
492.4621, 61.477478, 0.0, 0.0, 0.0, 0.0
10.0, 0.8, 10.0
497.5905, 18.522522, 0.0, 0.0, 0.0, 0.0
10.0, 0.8, 10.0
462.4095, 48.67338, 0.0, 0.0, 0.0, 0.0
10.0, 0.8, 10.0
3
0, 1
43.260017, 0.68207085, 23.675507, 2.9448783
1, 2
46.33334, 0.5975506, 21.693104, 3.6922982
2, 0
32.666542, 0.5665826, 11.78166, 2.958447
3
490.25488, 39.884945, 0.0, 0.0, 0.0, 0.0
10.0, 0.8, 10.0
469.7451, 26.103432, 0.0, 0.0, 0.0, 0.0
10.0, 0.8, 10.0
474.71143, 53.89657, 0.0, 0.0, 0.0, 0.0
10.0, 0.8, 10.0
3
0, 1
24.70996, 0.27158773, 30.491709, 2.045047
1, 2
28.233364, 0.30039698, 18.679356, 1.9713078
2, 0
20.926666, 0.2301437, 13.517664, 2.9002671
3
454.82184, 72.87515, 0.0, 0.0, 0.0, 0.0
10.0, 0.8, 10.0
473.57455, 7.1248455, 0.0, 0.0, 0.0, 0.0
10.0, 0.8, 10.0
505.17816, 58.238235, 0.0, 0.0, 0.0, 0.0
10.0, 0.8, 10.0
3
0, 1
68.37227, 1.0786929, 23.947702, 0.31389773
1, 2
60.09464, 0.6049102, 27.024866, 4.566979
2, 0
52.440422, 1.0221875, 35.35324, 3.7135606
3
453.23975, 7.955615, 0.0, 0.0, 0.0, 0.0
10.0, 0.8, 10.0
493.8927, 22.279116, 0.0, 0.0, 0.0, 0.0
10.0, 0.8, 10.0
506.76022, 72.04439, 0.0, 0.0, 0.0, 0.0
10.0, 0.8, 10.0
3
0, 1
43.1025, 0.5859542, 31.676153, 0.24959832
1, 2
51.4019, 0.7180583, 18.601665, 3.6301365
2, 0
83.49737, 0.8484033, 22.550835, 1.6898205
3
501.11597, 53.6368, 0.0, 0.0, 0.0, 0.0
10.0, 0.8, 10.0
458.884, 23.449501, 0.0, 0.0, 0.0, 0.0
10.0, 0.8, 10.0
462.30048, 56.5505, 0.0, 0.0, 0.0, 0.0
10.0, 0.8, 10.0
3
0, 1
51.91158, 0.8925102, 30.550201, 0.13069063
1, 2
33.276844, 0.51817435, 33.420425, 4.4738097
2, 0
38.924713, 0.5528898, 27.617231, 1.8752748
3
468.6165, 35.092766, 0.0, 0.0, 0.0, 0.0
10.0, 0.8, 10.0
491.38354, 44.907227, 0.0, 0.0, 0.0, 0.0
10.0, 0.8, 10.0
476.66602, 42.08789, 0.0, 0.0, 0.0, 0.0
10.0, 0.8, 10.0
3
0, 1
24.792397, 0.28143156, 13.284511, 1.4188423
1, 2
14.985152, 0.19659963, 29.060305, 2.6385612
2, 0
10.664267, 0.18561885, 25.662598, 3.9727507
3
509.4718, 33.362717, 0.0, 0.0, 0.0, 0.0
10.0, 0.8, 10.0
443.19928, 43.430023, 0.0, 0.0, 0.0, 0.0
10.0, 0.8, 10.0
516.8007, 46.63729, 0.0, 0.0, 0.0, 0.0
10.0, 0.8, 10.0
3
0, 1
67.03282, 0.8588651, 20.687267, 0.15300184
1, 2
73.67132, 0.75684804, 23.993332, 4.4375267
2, 0
15.163367, 0.23633221, 7.9842744, 4.818906
3
452.0433, 30.812412, 0.0, 0.0, 0.0, 0.0
10.0, 0.8, 10.0
507.95667, 49.187584, 0.0, 0.0, 0.0, 0.0
10.0, 0.8, 10.0
499.61417, 41.23013, 0.0, 0.0, 0.0, 0.0
10.0, 0.8, 10.0
3
0, 1
58.855354, 0.7656365, 23.607632, 4.7942734
1, 2
11.529023, 0.12318589, 22.46797, 2.749336
2, 0
48.698223, 0.6288788, 29.649225, 0.014470518
3
466.02356, 37.101322, 0.0, 0.0, 0.0, 0.0
10.0, 0.8, 10.0
493.97644, 18.008068, 0.0, 0.0, 0.0, 0.0
10.0, 0.8, 10.0
469.60623, 61.991932, 0.0, 0.0, 0.0, 0.0
10.0, 0.8, 10.0
3
0, 1
33.8514, 0.38914725, 9.618759, 3.0521557
1, 2
50.28407, 0.96019953, 33.599514, 0.5792901
2, 0
25.14713, 0.29333782, 6.162366, 3.1996622
3
499.87848, 32.115566, 0.0, 0.0, 0.0, 0.0
10.0, 0.8, 10.0
460.1215, 58.132904, 0.0, 0.0, 0.0, 0.0
10.0, 0.8, 10.0
490.93933, 21.867096, 0.0, 0.0, 0.0, 0.0
10.0, 0.8, 10.0
3
0, 1
47.513355, 0.88495356, 14.840252, 2.3895528
1, 2
47.59147, 0.85475504, 14.693553, 3.4749207
2, 0
13.599241, 0.18774104, 37.263588, 3.8504436
3
485.4031, 71.8844, 0.0, 0.0, 0.0, 0.0
10.0, 0.8, 10.0
462.01633, 12.985065, 0.0, 0.0, 0.0, 0.0
10.0, 0.8, 10.0
497.9837, 8.115608, 0.0, 0.0, 0.0, 0.0
10.0, 0.8, 10.0
3
0, 1
63.372498, 0.7026209, 31.91147, 3.8971684
1, 2
36.295498, 0.67845136, 29.542173, 2.113978
2, 0
64.997925, 0.9340337, 30.264103, 4.4457083
3
467.60788, 77.82154, 0.0, 0.0, 0.0, 0.0
10.0, 0.8, 10.0
465.82993, 2.1784592, 0.0, 0.0, 0.0, 0.0
10.0, 0.8, 10.0
494.1701, 40.979942, 0.0, 0.0, 0.0, 0.0
10.0, 0.8, 10.0
3
0, 1
75.66398, 0.8650677, 19.465542, 1.6256392
1, 2
48.049137, 0.65253305, 25.448603, 1.2911036
2, 0
45.41866, 0.49317852, 16.350103, 2.2812536
3
471.03674, 39.133163, 0.0, 0.0, 0.0, 0.0
10.0, 0.8, 10.0
488.96326, 14.818916, 0.0, 0.0, 0.0, 0.0
10.0, 0.8, 10.0
473.9673, 65.181076, 0.0, 0.0, 0.0, 0.0
10.0, 0.8, 10.0
3
0, 1
30.20831, 0.5036973, 12.282906, 3.0141683
1, 2
52.54737, 0.820584, 18.661713, 2.6654043
2, 0
26.212244, 0.37546626, 9.988314, 1.448554
3
487.37933, 23.691525, 0.0, 0.0, 0.0, 0.0
10.0, 0.8, 10.0
496.6044, 56.30848, 0.0, 0.0, 0.0, 0.0
10.0, 0.8, 10.0
463.3956, 28.662354, 0.0, 0.0, 0.0, 0.0
10.0, 0.8, 10.0
3
0, 1
33.896427, 0.6383367, 16.27827, 1.3339827
1, 2
43.210342, 0.5606894, 36.049294, 2.1310458
2, 0
24.493448, 0.39070046, 17.669823, 3.6777468
3
442.28308, 41.163788, 0.0, 0.0, 0.0, 0.0
10.0, 0.8, 10.0
517.717, 44.038918, 0.0, 0.0, 0.0, 0.0
10.0, 0.8, 10.0
508.4664, 35.96109, 0.0, 0.0, 0.0, 0.0
10.0, 0.8, 10.0
3
0, 1
75.48867, 1.4761585, 14.043475, 1.3800347
1, 2
12.281046, 0.17393635, 14.848663, 1.8462739
2, 0
66.38752, 0.7424637, 32.40271, 1.9350445
3
446.46292, 61.73149, 0.0, 0.0, 0.0, 0.0
10.0, 0.8, 10.0
457.5663, 30.408611, 0.0, 0.0, 0.0, 0.0
10.0, 0.8, 10.0
513.53705, 18.268509, 0.0, 0.0, 0.0, 0.0
10.0, 0.8, 10.0
3
0, 1
33.232643, 0.40523013, 18.93795, 2.1597168
1, 2
57.272217, 0.91036785, 10.364336, 3.967082
2, 0
79.9248, 1.136503, 29.633694, 2.0792687
3
485.0157, 77.70871, 0.0, 0.0, 0.0, 0.0
10.0, 0.8, 10.0
472.04523, 2.291294, 0.0, 0.0, 0.0, 0.0
10.0, 0.8, 10.0
487.9548, 71.3477, 0.0, 0.0, 0.0, 0.0
10.0, 0.8, 10.0
3
0, 1
76.524635, 1.1799338, 21.96446, 0.9362799
1, 2
70.86539, 0.8504461, 13.789044, 0.26653647
2, 0
7.007185, 0.07558216, 34.87626, 2.5430605
3
440.65555, 22.142889, 0.0, 0.0, 0.0, 0.0
10.0, 0.8, 10.0
519.3444, 29.043102, 0.0, 0.0, 0.0, 0.0
10.0, 0.8, 10.0
476.64203, 57.85711, 0.0, 0.0, 0.0, 0.0
10.0, 0.8, 10.0
3
0, 1
78.99085, 1.0242808, 7.3303876, 1.5156418
1, 2
51.514484, 1.0037299, 21.29058, 0.08599132
2, 0
50.700424, 0.9170514, 5.443733, 4.855913
3
496.7236, 34.960762, 0.0, 0.0, 0.0, 0.0
10.0, 0.8, 10.0
463.27634, 40.84929, 0.0, 0.0, 0.0, 0.0
10.0, 0.8, 10.0
489.4518, 45.03924, 0.0, 0.0, 0.0, 0.0
10.0, 0.8, 10.0
3
0, 1
33.96165, 0.6617644, 20.273815, 1.2996608
1, 2
26.508682, 0.28355184, 18.72548, 1.1907389
2, 0
12.427984, 0.14254539, 11.794557, 0.5284664
3
502.68182, 33.708126, 0.0, 0.0, 0.0, 0.0
10.0, 0.8, 10.0
514.41174, 46.291878, 0.0, 0.0, 0.0, 0.0
10.0, 0.8, 10.0
445.58826, 42.265408, 0.0, 0.0, 0.0, 0.0
10.0, 0.8, 10.0
3
0, 1
17.20296, 0.17841592, 31.026608, 1.3277125
1, 2
68.941185, 1.2497385, 39.901573, 2.249701
2, 0
57.73131, 0.7887635, 10.339339, 3.1180263
3
447.1025, 57.07979, 0.0, 0.0, 0.0, 0.0
10.0, 0.8, 10.0
512.8975, 22.920216, 0.0, 0.0, 0.0, 0.0
10.0, 0.8, 10.0
494.97324, 42.529522, 0.0, 0.0, 0.0, 0.0
10.0, 0.8, 10.0
3
0, 1
74.13404, 0.9906323, 30.869627, 0.13949066
1, 2
26.566969, 0.517669, 21.863691, 3.0391116
2, 0
50.03316, 0.66363925, 13.3452635, 0.70910424
3
518.6324, 71.692276, 0.0, 0.0, 0.0, 0.0
10.0, 0.8, 10.0
441.3676, 8.307728, 0.0, 0.0, 0.0, 0.0
10.0, 0.8, 10.0
448.8427, 43.06492, 0.0, 0.0, 0.0, 0.0
10.0, 0.8, 10.0
3
0, 1
99.93723, 1.0532708, 39.427586, 3.0180125
1, 2
35.551926, 0.38941368, 25.322779, 0.9100273
2, 0
75.43294, 1.2173661, 30.662249, 0.8110681
3
474.70026, 39.891953, 0.0, 0.0, 0.0, 0.0
10.0, 0.8, 10.0
465.04764, 57.265495, 0.0, 0.0, 0.0, 0.0
10.0, 0.8, 10.0
494.95236, 22.734505, 0.0, 0.0, 0.0, 0.0
10.0, 0.8, 10.0
3
0, 1
19.874935, 0.36588296, 34.105038, 4.9439397
1, 2
45.680206, 0.86140436, 35.937885, 1.3985648
2, 0
26.542896, 0.27279195, 36.831516, 0.21732211
3
494.6313, 50.54096, 0.0, 0.0, 0.0, 0.0
10.0, 0.8, 10.0
453.91684, 48.66892, 0.0, 0.0, 0.0, 0.0
10.0, 0.8, 10.0
506.08322, 29.459042, 0.0, 0.0, 0.0, 0.0
10.0, 0.8, 10.0
3
0, 1
40.757473, 0.66132665, 22.622326, 0.24664462
1, 2
55.59092, 0.87826675, 5.9067316, 3.3254404
2, 0
23.991533, 0.28641772, 8.222126, 2.5856602
3
485.96103, 74.99656, 0.0, 0.0, 0.0, 0.0
10.0, 0.8, 10.0
476.30267, 5.003441, 0.0, 0.0, 0.0, 0.0
10.0, 0.8, 10.0
474.03903, 5.8434067, 0.0, 0.0, 0.0, 0.0
10.0, 0.8, 10.0
3
0, 1
70.65636, 0.9612651, 22.558336, 3.096535
1, 2
2.414463, 0.025204567, 12.208561, 4.457287
2, 0
70.17331, 0.7445802, 29.851835, 3.5230324
3
446.98685, 20.80045, 0.0, 0.0, 0.0, 0.0
10.0, 0.8, 10.0
453.80078, 59.199554, 0.0, 0.0, 0.0, 0.0
10.0, 0.8, 10.0
513.0131, 26.76725, 0.0, 0.0, 0.0, 0.0
10.0, 0.8, 10.0
3
0, 1
38.998985, 0.5936348, 27.045683, 2.0920155
1, 2
67.51264, 0.89321595, 24.64954, 0.73289543
2, 0
66.29534, 0.6712267, 31.69693, 0.16644627
3
481.6612, 52.457302, 0.0, 0.0, 0.0, 0.0
10.0, 0.8, 10.0
468.29242, 59.068783, 0.0, 0.0, 0.0, 0.0
10.0, 0.8, 10.0
491.7076, 20.931217, 0.0, 0.0, 0.0, 0.0
10.0, 0.8, 10.0
3
0, 1
14.914283, 0.16528925, 7.080749, 1.2359521
1, 2
44.752045, 0.5569649, 23.636013, 2.0532517
2, 0
33.088135, 0.5099538, 20.261547, 1.6840291
3
488.4877, 58.15847, 0.0, 0.0, 0.0, 0.0
10.0, 0.8, 10.0
471.51227, 38.658722, 0.0, 0.0, 0.0, 0.0
10.0, 0.8, 10.0
484.03867, 21.84153, 0.0, 0.0, 0.0, 0.0
10.0, 0.8, 10.0
3
0, 1
25.853535, 0.32352343, 32.360096, 0.00690341
1, 2
20.969696, 0.22242059, 27.710897, 3.485575
2, 0
36.588444, 0.38303676, 39.092228, 0.07011205
3
498.80164, 41.163597, 0.0, 0.0, 0.0, 0.0
10.0, 0.8, 10.0
461.19836, 43.909798, 0.0, 0.0, 0.0, 0.0
10.0, 0.8, 10.0
489.75482, 36.090202, 0.0, 0.0, 0.0, 0.0
10.0, 0.8, 10.0
3
0, 1
37.7034, 0.57399094, 14.017175, 2.522365
1, 2
29.60773, 0.40539774, 28.960436, 1.6688607
2, 0
10.372256, 0.120411865, 23.805084, 0.38277507
3
471.45044, 4.2785664, 0.0, 0.0, 0.0, 0.0
10.0, 0.8, 10.0
488.18542, 38.942215, 0.0, 0.0, 0.0, 0.0
10.0, 0.8, 10.0
488.54956, 75.721436, 0.0, 0.0, 0.0, 0.0
10.0, 0.8, 10.0
3
0, 1
38.491913, 0.7559303, 16.17138, 3.7559404
1, 2
36.78102, 0.500632, 28.39013, 0.57897955
2, 0
73.46062, 0.8363488, 13.752437, 2.085261
3
478.0104, 55.312294, 0.0, 0.0, 0.0, 0.0
10.0, 0.8, 10.0
481.9896, 44.92827, 0.0, 0.0, 0.0, 0.0
10.0, 0.8, 10.0
480.7916, 24.687702, 0.0, 0.0, 0.0, 0.0
10.0, 0.8, 10.0
3
0, 1
11.120332, 0.113352105, 13.867178, 1.2526546
1, 2
20.27599, 0.23922579, 34.886948, 0.6704989
2, 0
30.750618, 0.3969715, 24.664665, 0.16733825
3
456.62833, 19.525059, 0.0, 0.0, 0.0, 0.0
10.0, 0.8, 10.0
503.37167, 60.474945, 0.0, 0.0, 0.0, 0.0
10.0, 0.8, 10.0
496.3367, 21.600319, 0.0, 0.0, 0.0, 0.0
10.0, 0.8, 10.0
3
0, 1
62.143665, 0.73339427, 22.216663, 1.3373369
1, 2
39.506042, 0.7623375, 25.850515, 2.4887156
2, 0
39.76257, 0.44693527, 14.056336, 4.4198203
3
443.46307, 31.101204, 0.0, 0.0, 0.0, 0.0
10.0, 0.8, 10.0
516.5369, 28.073883, 0.0, 0.0, 0.0, 0.0
10.0, 0.8, 10.0
503.3745, 51.926117, 0.0, 0.0, 0.0, 0.0
10.0, 0.8, 10.0
3
0, 1
73.13652, 0.73858154, 31.620832, 1.4537051
1, 2
27.242933, 0.43790478, 11.338821, 1.6284347
2, 0
63.427593, 0.954939, 26.072536, 3.7252152
3
501.61276, 39.113297, 0.0, 0.0, 0.0, 0.0
10.0, 0.8, 10.0
514.2821, 31.482075, 0.0, 0.0, 0.0, 0.0
10.0, 0.8, 10.0
445.71796, 48.517925, 0.0, 0.0, 0.0, 0.0
10.0, 0.8, 10.0
3
0, 1
14.790098, 0.25007528, 10.14034, 3.0648818
1, 2
70.648834, 1.0982163, 7.761197, 4.835826
2, 0
56.68048, 0.8927099, 12.1399975, 4.475801
3
465.9153, 10.020199, 0.0, 0.0, 0.0, 0.0
10.0, 0.8, 10.0
494.0847, 69.9798, 0.0, 0.0, 0.0, 0.0
10.0, 0.8, 10.0
491.64954, 22.201778, 0.0, 0.0, 0.0, 0.0
10.0, 0.8, 10.0
3
0, 1
66.24701, 0.8617271, 39.501442, 1.4044037
1, 2
47.840034, 0.48477745, 39.561287, 0.010713637
2, 0
28.47176, 0.31569797, 26.994114, 1.9776815
3
485.32733, 53.73791, 0.0, 0.0, 0.0, 0.0
10.0, 0.8, 10.0
462.92593, 26.262089, 0.0, 0.0, 0.0, 0.0
10.0, 0.8, 10.0
497.0741, 32.964916, 0.0, 0.0, 0.0, 0.0
10.0, 0.8, 10.0
3
0, 1
35.450573, 0.6343962, 9.901168, 4.1591907
1, 2
34.799805, 0.552318, 30.034227, 2.2541175
2, 0
23.864292, 0.2749329, 15.007486, 3.0793538
3
449.5449, 6.4933968, 0.0, 0.0, 0.0, 0.0
10.0, 0.8, 10.0
510.4551, 73.50661, 0.0, 0.0, 0.0, 0.0
10.0, 0.8, 10.0
477.20334, 45.692085, 0.0, 0.0, 0.0, 0.0
10.0, 0.8, 10.0
3
0, 1
90.55839, 1.0576544, 26.404036, 1.140762
1, 2
43.351215, 0.54456997, 33.024715, 1.9895067
2, 0
47.97422, 0.9506274, 27.353363, 3.9112604
3
461.72543, 9.978001, 0.0, 0.0, 0.0, 0.0
10.0, 0.8, 10.0
498.27457, 70.022, 0.0, 0.0, 0.0, 0.0
10.0, 0.8, 10.0
495.4155, 68.368515, 0.0, 0.0, 0.0, 0.0
10.0, 0.8, 10.0
3
0, 1
70.2931, 1.3937298, 9.689989, 1.6630933
1, 2
3.3027654, 0.047098324, 9.877787, 3.9531984
2, 0
67.4127, 0.9790373, 10.681124, 2.7272055
3
504.21585, 18.380323, 0.0, 0.0, 0.0, 0.0
10.0, 0.8, 10.0
455.78412, 30.558144, 0.0, 0.0, 0.0, 0.0
10.0, 0.8, 10.0
496.50974, 61.61968, 0.0, 0.0, 0.0, 0.0
10.0, 0.8, 10.0
3
0, 1
49.939274, 0.77217895, 20.068016, 1.3095965
1, 2
51.219086, 0.5340479, 19.70219, 2.17414
2, 0
43.92068, 0.4404896, 10.522619, 1.4689789
3
467.36127, 6.054676, 0.0, 0.0, 0.0, 0.0
10.0, 0.8, 10.0
515.9347, 73.94532, 0.0, 0.0, 0.0, 0.0
10.0, 0.8, 10.0
444.0653, 64.62469, 0.0, 0.0, 0.0, 0.0
10.0, 0.8, 10.0
3
0, 1
83.47764, 1.2612607, 21.490627, 3.914931
1, 2
72.471245, 0.89337957, 22.709251, 1.9440887
2, 0
63.032913, 0.67456263, 27.06827, 4.6016035
3
448.2322, 58.37159, 0.0, 0.0, 0.0, 0.0
10.0, 0.8, 10.0
472.75653, 54.921753, 0.0, 0.0, 0.0, 0.0
10.0, 0.8, 10.0
511.76773, 21.628414, 0.0, 0.0, 0.0, 0.0
10.0, 0.8, 10.0
3
0, 1
24.76576, 0.29109773, 32.265198, 0.35844535
1, 2
51.286663, 0.76671296, 23.23006, 3.707749
2, 0
73.39498, 1.133187, 39.987118, 2.9055924
3
482.44833, 7.105276, 0.0, 0.0, 0.0, 0.0
10.0, 0.8, 10.0
505.89813, 72.89472, 0.0, 0.0, 0.0, 0.0
10.0, 0.8, 10.0
454.10187, 53.86384, 0.0, 0.0, 0.0, 0.0
10.0, 0.8, 10.0
3
0, 1
69.843704, 1.1907741, 17.262314, 1.3679749
1, 2
55.181763, 0.7385358, 20.530355, 4.679677
2, 0
54.67985, 1.0079117, 29.967491, 0.42393416
3
450.13565, 60.36154, 0.0, 0.0, 0.0, 0.0
10.0, 0.8, 10.0
509.86432, 39.865795, 0.0, 0.0, 0.0, 0.0
10.0, 0.8, 10.0
478.59277, 19.638456, 0.0, 0.0, 0.0, 0.0
10.0, 0.8, 10.0
3
0, 1
63.147343, 0.6804268, 13.0391445, 0.57088643
1, 2
37.243176, 0.53236634, 8.31254, 1.9494265
2, 0
49.680744, 0.60200506, 14.862102, 3.9509153
3
437.5776, 30.521475, 0.0, 0.0, 0.0, 0.0
10.0, 0.8, 10.0
476.81668, 42.315495, 0.0, 0.0, 0.0, 0.0
10.0, 0.8, 10.0
522.42236, 49.478527, 0.0, 0.0, 0.0, 0.0
10.0, 0.8, 10.0
3
0, 1
40.973194, 0.54990554, 33.198273, 0.15136927
1, 2
46.164803, 0.6566758, 19.22622, 1.2133956
2, 0
86.93678, 0.8924803, 7.1315994, 0.54849327
3
500.38776, 65.85597, 0.0, 0.0, 0.0, 0.0
10.0, 0.8, 10.0
459.6122, 23.161655, 0.0, 0.0, 0.0, 0.0
10.0, 0.8, 10.0
472.4809, 14.14403, 0.0, 0.0, 0.0, 0.0
10.0, 0.8, 10.0
3
0, 1
59.037704, 0.62944096, 5.1614313, 3.268634
1, 2
15.713694, 0.17150582, 5.7843075, 2.392938
2, 0
58.761543, 0.8988142, 19.90741, 1.7790701
3
471.80576, 16.304615, 0.0, 0.0, 0.0, 0.0
10.0, 0.8, 10.0
488.19424, 31.699219, 0.0, 0.0, 0.0, 0.0
10.0, 0.8, 10.0
473.2992, 63.69538, 0.0, 0.0, 0.0, 0.0
10.0, 0.8, 10.0
3
0, 1
22.485031, 0.40004012, 20.616058, 4.5392556
1, 2
35.293297, 0.39922836, 36.185383, 4.18291
2, 0
47.414295, 0.5883356, 34.838886, 1.5544975
3
440.28214, 40.037422, 0.0, 0.0, 0.0, 0.0
10.0, 0.8, 10.0
470.03717, 44.41163, 0.0, 0.0, 0.0, 0.0
10.0, 0.8, 10.0
519.7179, 35.58837, 0.0, 0.0, 0.0, 0.0
10.0, 0.8, 10.0
3
0, 1
30.07486, 0.46324736, 22.382435, 4.216549
1, 2
50.458122, 0.5164938, 18.522203, 4.1504955
2, 0
79.56026, 0.8015008, 10.426954, 2.8836858
3
508.3374, 68.88872, 0.0, 0.0, 0.0, 0.0
10.0, 0.8, 10.0
469.70276, 30.160248, 0.0, 0.0, 0.0, 0.0
10.0, 0.8, 10.0
451.66254, 11.111279, 0.0, 0.0, 0.0, 0.0
10.0, 0.8, 10.0
3
0, 1
54.704037, 0.800273, 16.558601, 4.477673
1, 2
26.235708, 0.28457487, 26.779715, 0.7107076
2, 0
80.93376, 1.0299475, 37.48858, 1.5429837
3
508.68665, 15.157339, 0.0, 0.0, 0.0, 0.0
10.0, 0.8, 10.0
489.0643, 39.5417, 0.0, 0.0, 0.0, 0.0
10.0, 0.8, 10.0
451.31342, 64.84267, 0.0, 0.0, 0.0, 0.0
10.0, 0.8, 10.0
3
0, 1
31.299086, 0.5871808, 12.125402, 2.030895
1, 2
45.445232, 0.67227185, 6.4814444, 3.2651188
2, 0
75.89676, 0.8094142, 16.891335, 0.04593104
3
459.16348, 59.41235, 0.0, 0.0, 0.0, 0.0
10.0, 0.8, 10.0
478.1148, 35.98394, 0.0, 0.0, 0.0, 0.0
10.0, 0.8, 10.0
500.83655, 20.587648, 0.0, 0.0, 0.0, 0.0
10.0, 0.8, 10.0
3
0, 1
30.13375, 0.33277956, 25.470842, 1.6513968
1, 2
27.44673, 0.36082003, 6.015139, 2.2651222
2, 0
56.95613, 0.6243153, 20.72934, 2.5553493
3
496.55716, 78.68452, 0.0, 0.0, 0.0, 0.0
10.0, 0.8, 10.0
463.44284, 1.315486, 0.0, 0.0, 0.0, 0.0
10.0, 0.8, 10.0
484.41974, 51.751877, 0.0, 0.0, 0.0, 0.0
10.0, 0.8, 10.0
3
0, 1
84.15774, 1.5437617, 7.0561028, 2.3690817
1, 2
54.62471, 0.563699, 6.329386, 2.820444
2, 0
29.541227, 0.5890653, 12.4878025, 2.740431
3
476.085, 34.38207, 0.0, 0.0, 0.0, 0.0
10.0, 0.8, 10.0
501.80743, 63.747284, 0.0, 0.0, 0.0, 0.0
10.0, 0.8, 10.0
458.19254, 16.252716, 0.0, 0.0, 0.0, 0.0
10.0, 0.8, 10.0
3
0, 1
39.03795, 0.45156673, 15.04678, 3.5213146
1, 2
64.48252, 0.8928963, 7.4170384, 4.0511174
2, 0
25.47181, 0.48542306, 13.139812, 2.1320982
3
488.26285, 58.10927, 0.0, 0.0, 0.0, 0.0
10.0, 0.8, 10.0
471.73715, 51.32875, 0.0, 0.0, 0.0, 0.0
10.0, 0.8, 10.0
474.38867, 21.890732, 0.0, 0.0, 0.0, 0.0
10.0, 0.8, 10.0
3
0, 1
17.862654, 0.18840039, 25.895363, 1.6902754
1, 2
29.55719, 0.47718272, 22.389126, 2.0990448
2, 0
38.784985, 0.5286665, 34.98878, 3.8498857
3
478.36313, 54.760277, 0.0, 0.0, 0.0, 0.0
10.0, 0.8, 10.0
517.834, 51.5017, 0.0, 0.0, 0.0, 0.0
10.0, 0.8, 10.0
442.166, 25.23972, 0.0, 0.0, 0.0, 0.0
10.0, 0.8, 10.0
3
0, 1
39.605137, 0.791263, 20.343445, 1.7107329
1, 2
80.09582, 0.8136959, 8.857027, 2.371217
2, 0
46.70864, 0.84762746, 5.5218472, 3.8180103
3
466.9428, 58.057095, 0.0, 0.0, 0.0, 0.0
10.0, 0.8, 10.0
481.6989, 21.942905, 0.0, 0.0, 0.0, 0.0
10.0, 0.8, 10.0
493.0572, 27.29889, 0.0, 0.0, 0.0, 0.0
10.0, 0.8, 10.0
3
0, 1
39.012527, 0.5723053, 19.577244, 1.6463453
1, 2
12.557746, 0.16446216, 35.988625, 2.7058613
2, 0
40.34883, 0.44954333, 32.532738, 0.827837
3
447.91406, 46.5849, 0.0, 0.0, 0.0, 0.0
10.0, 0.8, 10.0
512.08594, 17.833546, 0.0, 0.0, 0.0, 0.0
10.0, 0.8, 10.0
495.36365, 62.16645, 0.0, 0.0, 0.0, 0.0
10.0, 0.8, 10.0
3
0, 1
70.31831, 0.79915017, 37.80232, 4.416551
1, 2
47.381863, 0.5543343, 35.632042, 3.6007383
2, 0
49.942425, 0.9796251, 26.686607, 4.5288053
3
477.75687, 61.375816, 0.0, 0.0, 0.0, 0.0
10.0, 0.8, 10.0
482.24313, 18.624184, 0.0, 0.0, 0.0, 0.0
10.0, 0.8, 10.0
481.0918, 21.047852, 0.0, 0.0, 0.0, 0.0
10.0, 0.8, 10.0
3
0, 1
42.986374, 0.5780144, 27.47555, 1.3627881
1, 2
2.6832345, 0.031428657, 35.519234, 0.86671174
2, 0
40.46562, 0.6357628, 17.422077, 4.764349
3
491.811, 33.13972, 0.0, 0.0, 0.0, 0.0
10.0, 0.8, 10.0
482.8805, 48.869278, 0.0, 0.0, 0.0, 0.0
10.0, 0.8, 10.0
468.18903, 31.130726, 0.0, 0.0, 0.0, 0.0
10.0, 0.8, 10.0
3
0, 1
18.087927, 0.19488451, 28.162899, 1.2001503
1, 2
23.032492, 0.3077783, 15.344212, 4.0337267
2, 0
23.70727, 0.28310487, 27.747, 2.2249982
3
490.45044, 33.696278, 0.0, 0.0, 0.0, 0.0
10.0, 0.8, 10.0
478.66907, 66.66725, 0.0, 0.0, 0.0, 0.0
10.0, 0.8, 10.0
469.54953, 13.332747, 0.0, 0.0, 0.0, 0.0
10.0, 0.8, 10.0
3
0, 1
35.012657, 0.41503662, 31.748716, 4.0886993
1, 2
54.10855, 0.833145, 32.28614, 1.5457654
2, 0
29.180847, 0.31480506, 26.49924, 0.72121054
3
478.92032, 64.45131, 0.0, 0.0, 0.0, 0.0
10.0, 0.8, 10.0
474.6094, 72.140945, 0.0, 0.0, 0.0, 0.0
10.0, 0.8, 10.0
485.39056, 7.859049, 0.0, 0.0, 0.0, 0.0
10.0, 0.8, 10.0
3
0, 1
8.815581, 0.08930742, 35.23239, 1.2129512
1, 2
65.17972, 0.8708949, 22.079748, 4.857331
2, 0
56.96093, 0.926883, 27.95332, 3.4942935
3
520.33777, 50.699287, 0.0, 0.0, 0.0, 0.0
10.0, 0.8, 10.0
481.29803, 29.300705, 0.0, 0.0, 0.0, 0.0
10.0, 0.8, 10.0
439.66223, 44.086258, 0.0, 0.0, 0.0, 0.0
10.0, 0.8, 10.0
3
0, 1
44.519676, 0.60136294, 5.673814, 2.709467
1, 2
44.183174, 0.52856135, 22.973007, 4.3571954
2, 0
80.946144, 0.95605314, 36.848976, 4.250716
3
510.2677, 36.474575, 0.0, 0.0, 0.0, 0.0
10.0, 0.8, 10.0
449.7323, 49.234943, 0.0, 0.0, 0.0, 0.0
10.0, 0.8, 10.0
459.5831, 30.765059, 0.0, 0.0, 0.0, 0.0
10.0, 0.8, 10.0
3
0, 1
61.86569, 0.8579395, 11.707968, 1.9613817
1, 2
20.932638, 0.2223202, 7.637982, 2.9445486
2, 0
51.00516, 0.51034856, 37.067036, 4.7908216
3
472.72824, 40.852264, 0.0, 0.0, 0.0, 0.0
10.0, 0.8, 10.0
469.13132, 62.4396, 0.0, 0.0, 0.0, 0.0
10.0, 0.8, 10.0
490.86868, 17.560396, 0.0, 0.0, 0.0, 0.0
10.0, 0.8, 10.0
3
0, 1
21.884953, 0.2667045, 26.79475, 4.785689
1, 2
49.86639, 0.6012011, 29.998196, 0.69604903
2, 0
29.522652, 0.41809613, 19.561962, 1.567373
3
438.06033, 22.190556, 0.0, 0.0, 0.0, 0.0
10.0, 0.8, 10.0
521.9397, 57.809444, 0.0, 0.0, 0.0, 0.0
10.0, 0.8, 10.0
455.26907, 29.735855, 0.0, 0.0, 0.0, 0.0
10.0, 0.8, 10.0
3
0, 1
91.12877, 1.1373819, 35.065777, 1.152336
1, 2
72.34015, 1.267265, 17.713732, 4.729733
2, 0
18.790236, 0.20524053, 14.039976, 3.2352524
3
506.24487, 34.81272, 0.0, 0.0, 0.0, 0.0
10.0, 0.8, 10.0
470.94327, 53.61974, 0.0, 0.0, 0.0, 0.0
10.0, 0.8, 10.0
453.7551, 26.380257, 0.0, 0.0, 0.0, 0.0
10.0, 0.8, 10.0
3
0, 1
39.998848, 0.5853468, 16.252613, 3.1275554
1, 2
32.209045, 0.38530755, 31.008062, 4.9216003
2, 0
53.162807, 0.7786677, 36.093185, 2.7000031
3
497.33817, 74.63771, 0.0, 0.0, 0.0, 0.0
10.0, 0.8, 10.0
486.79138, 29.318913, 0.0, 0.0, 0.0, 0.0
10.0, 0.8, 10.0
462.6618, 5.3622894, 0.0, 0.0, 0.0, 0.0
10.0, 0.8, 10.0
3
0, 1
46.529858, 0.81097674, 14.018299, 3.5657697
1, 2
34.002304, 0.35346183, 5.469226, 1.6725097
2, 0
77.46957, 0.79055935, 14.662886, 3.4753919
3
500.40692, 27.73, 0.0, 0.0, 0.0, 0.0
10.0, 0.8, 10.0
453.09525, 52.269997, 0.0, 0.0, 0.0, 0.0
10.0, 0.8, 10.0
506.90472, 34.59223, 0.0, 0.0, 0.0, 0.0
10.0, 0.8, 10.0
3
0, 1
53.297337, 1.0156868, 15.90355, 4.391884
1, 2
56.638893, 0.7020082, 30.069136, 1.8769858
2, 0
9.45049, 0.09981055, 31.823381, 3.529216
3
492.91357, 53.214622, 0.0, 0.0, 0.0, 0.0
10.0, 0.8, 10.0
466.07245, 52.244728, 0.0, 0.0, 0.0, 0.0
10.0, 0.8, 10.0
493.92755, 26.78537, 0.0, 0.0, 0.0, 0.0
10.0, 0.8, 10.0
3
0, 1
26.858648, 0.31666604, 23.60459, 2.2822807
1, 2
37.737076, 0.57727116, 14.129262, 0.04030645
2, 0
26.448696, 0.40118182, 25.512579, 1.4663726
3
447.49988, 52.4479, 0.0, 0.0, 0.0, 0.0
10.0, 0.8, 10.0
512.5001, 16.564774, 0.0, 0.0, 0.0, 0.0
10.0, 0.8, 10.0
465.86285, 63.435226, 0.0, 0.0, 0.0, 0.0
10.0, 0.8, 10.0
3
0, 1
74.24706, 0.9052531, 20.199034, 0.9036991
1, 2
66.12014, 0.7501177, 33.61161, 4.5738735
2, 0
21.399055, 0.24816659, 11.320755, 4.08935
3
507.67065, 29.25436, 0.0, 0.0, 0.0, 0.0
10.0, 0.8, 10.0
452.3293, 47.788727, 0.0, 0.0, 0.0, 0.0
10.0, 0.8, 10.0
502.31638, 50.745636, 0.0, 0.0, 0.0, 0.0
10.0, 0.8, 10.0
3
0, 1
58.362545, 0.590234, 12.637007, 4.115565
1, 2
50.074425, 0.5841354, 20.193878, 2.639711
2, 0
22.148214, 0.41323653, 15.75038, 2.850307
3
447.03802, 60.68249, 0.0, 0.0, 0.0, 0.0
10.0, 0.8, 10.0
512.962, 10.258584, 0.0, 0.0, 0.0, 0.0
10.0, 0.8, 10.0
472.2702, 69.74141, 0.0, 0.0, 0.0, 0.0
10.0, 0.8, 10.0
3
0, 1
82.99724, 0.9647731, 16.466629, 2.9642663
1, 2
72.0696, 0.82647413, 21.226393, 1.3264793
2, 0
26.809107, 0.4138308, 20.736645, 0.95409065
3
473.75314, 70.491165, 0.0, 0.0, 0.0, 0.0
10.0, 0.8, 10.0
449.92163, 9.508838, 0.0, 0.0, 0.0, 0.0
10.0, 0.8, 10.0
510.07843, 10.175405, 0.0, 0.0, 0.0, 0.0
10.0, 0.8, 10.0
3
0, 1
65.47355, 1.1321504, 16.371601, 3.3383803
1, 2
60.16048, 0.7766496, 22.824623, 1.4473083
2, 0
70.40963, 0.90666723, 34.652023, 0.8289659
3
476.66302, 49.133698, 0.0, 0.0, 0.0, 0.0
10.0, 0.8, 10.0
491.826, 19.757164, 0.0, 0.0, 0.0, 0.0
10.0, 0.8, 10.0
468.17407, 60.242836, 0.0, 0.0, 0.0, 0.0
10.0, 0.8, 10.0
3
0, 1
33.058975, 0.38053277, 15.705993, 2.8519323
1, 2
46.8882, 0.67961746, 35.615482, 1.9998372
2, 0
13.981261, 0.27583623, 39.621494, 2.034822
3
511.51636, 6.6383934, 0.0, 0.0, 0.0, 0.0
10.0, 0.8, 10.0
486.89856, 45.96009, 0.0, 0.0, 0.0, 0.0
10.0, 0.8, 10.0
448.48364, 73.3616, 0.0, 0.0, 0.0, 0.0
10.0, 0.8, 10.0
3
0, 1
46.392162, 0.6120021, 9.8744545, 1.2557447
1, 2
47.186306, 0.85747004, 15.057187, 1.8566897
2, 0
91.78839, 1.5931944, 29.80832, 2.1595454
3
462.6337, 7.7313576, 0.0, 0.0, 0.0, 0.0
10.0, 0.8, 10.0
488.49738, 78.47728, 0.0, 0.0, 0.0, 0.0
10.0, 0.8, 10.0
497.36627, 1.5227203, 0.0, 0.0, 0.0, 0.0
10.0, 0.8, 10.0
3
0, 1
75.32539, 1.1920882, 10.99037, 1.9107771
1, 2
77.46394, 0.8970549, 39.82532, 4.038155
2, 0
35.28313, 0.64336264, 31.438536, 2.2304125
3
484.66095, 55.022884, 0.0, 0.0, 0.0, 0.0
10.0, 0.8, 10.0
454.64044, 51.750324, 0.0, 0.0, 0.0, 0.0
10.0, 0.8, 10.0
505.35956, 24.97712, 0.0, 0.0, 0.0, 0.0
10.0, 0.8, 10.0
3
0, 1
30.19833, 0.30531546, 32.92228, 2.2055335
1, 2
57.35182, 0.6372856, 8.719697, 3.2285752
2, 0
36.485348, 0.48816228, 32.174927, 0.87428004
