3
4
460.0, 0.0, 0.0, 0.0, 0.0, 0.0
10.0, 0.8, 10.0
460.0, 40.0, 0.0, 0.0, 0.0, 0.0
10.0, 0.8, 10.0
500.0, 0.0, 0.0, 0.0, 0.0, 0.0
10.0, 0.8, 10.0
500.0, 40.0, 0.0, 0.0, 0.0, 0.0
10.0, 0.8, 10.0
4
0, 1
40.0, 0.4, 20.0, 0.0
1, 2
56.568542, 0.56568545, 20.0, 0.0
2, 0
40.0, 0.4, 20.0, 0.0
0, 3
56.568542, 0.56568545, 20.0, 0.0
4
20.0, 20.0, 0.0, 0.0, 0.0, 0.0
10.0, 0.8, 10.0
20.0, 60.0, 0.0, 0.0, 0.0, 0.0
10.0, 0.8, 10.0
60.0, 20.0, 0.0, 0.0, 0.0, 0.0
10.0, 0.8, 10.0
60.0, 60.0, 0.0, 0.0, 0.0, 0.0
10.0, 0.8, 10.0
4
0, 1
40.0, 0.4, 20.0, 0.0
1, 2
56.568542, 0.56568545, 20.0, 0.0
2, 0
40.0, 0.4, 20.0, 0.0
0, 3
56.568542, 0.56568545, 20.0, 0.0
4
20.0, 20.0, 0.0, 0.0, 0.0, 0.0
10.0, 0.8, 10.0
20.0, 60.0, 0.0, 0.0, 0.0, 0.0
10.0, 0.8, 10.0
60.0, 20.0, 0.0, 0.0, 0.0, 0.0
10.0, 0.8, 10.0
60.0, 60.0, 0.0, 0.0, 0.0, 0.0
10.0, 0.8, 10.0
4
0, 1
40.0, 4.0, 20.0, 0.0
1, 2
56.568542, 5.6568546, 20.0, 0.0
2, 0
40.0, 0.4, 20.0, 0.0
0, 3
56.568542, 0.56568545, 20.0, 0.0
