3
4
300.0, 320.0, 0.0, 0.0, 0.0, 0.0
10.0, 0.8, 10.0
300.0, 360.0, 0.0, 0.0, 0.0, 0.0
10.0, 0.8, 10.0
340.0, 320.0, 0.0, 0.0, 0.0, 0.0
10.0, 0.8, 10.0
340.0, 360.0, 0.0, 0.0, 0.0, 0.0
10.0, 0.8, 10.0
4
0, 1
40.0, 0.4, 20.0, 0.0
1, 2
56.568542, 0.56568545, 20.0, 0.0
2, 0
40.0, 0.4, 20.0, 0.0
0, 3
56.568542, 0.56568545, 20.0, 0.0
4
20.0, 20.0, 0.0, 0.0, 0.0, 0.0
10.0, 0.8, 10.0
20.0, 60.0, 0.0, 0.0, 0.0, 0.0
10.0, 0.8, 10.0
60.0, 20.0, 0.0, 0.0, 0.0, 0.0
10.0, 0.8, 10.0
60.0, 60.0, 0.0, 0.0, 0.0, 0.0
10.0, 0.8, 10.0
4
0, 1
40.0, 0.4, 20.0, 0.0
1, 2
56.568542, 0.56568545, 20.0, 0.0
2, 0
40.0, 0.4, 20.0, 0.0
0, 3
56.568542, 0.56568545, 20.0, 0.0
4
20.0, 20.0, 0.0, 0.0, 0.0, 0.0
10.0, 0.8, 10.0
20.0, 60.0, 0.0, 0.0, 0.0, 0.0
10.0, 0.8, 10.0
60.0, 20.0, 0.0, 0.0, 0.0, 0.0
10.0, 0.8, 10.0
60.0, 60.0, 0.0, 0.0, 0.0, 0.0
10.0, 0.8, 10.0
4
0, 1
40.0, 4.0, 20.0, 0.0
1, 2
56.568542, 5.6568545, 20.0, 0.0
2, 0
40.0, 0.4, 20.0, 0.0
0, 3
56.568542, 0.56568545, 20.0, 0.0
